0.000000	0.000000	1.115110
0.000000	0.330694	0.848997
0.000000	0.661388	0.794635
0.000000	0.992082	0.483490
0.000000	1.322776	0.289804
0.000000	1.653470	-0.087425
0.000000	1.984164	-0.395201
0.000000	2.314858	-0.746106
0.000000	2.645552	-0.872005
0.000000	2.976246	-0.857385
0.000000	3.306940	-1.093592
0.000000	3.637634	-0.839871
0.000000	3.968328	-0.578802
0.000000	4.299022	-0.349418
0.000000	4.629716	-0.066346
0.000000	4.960410	0.201901
0.000000	5.291104	0.442802
0.000000	5.621798	0.679618
0.000000	5.952492	0.842636
0.000000	6.283186	0.957781
0.330694	0.000000	1.311338
0.330694	0.330694	1.304985
0.330694	0.661388	1.101391
0.330694	0.992082	0.873944
0.330694	1.322776	0.551175
0.330694	1.653470	0.387777
0.330694	1.984164	0.051055
0.330694	2.314858	-0.220126
0.330694	2.645552	-0.647154
0.330694	2.976246	-0.551835
0.330694	3.306940	-0.669668
0.330694	3.637634	-0.726336
0.330694	3.968328	-0.433628
0.330694	4.299022	0.008238
0.330694	4.629716	0.274663
0.330694	4.960410	0.739977
0.330694	5.291104	0.896301
0.330694	5.621798	0.998669
0.330694	5.952492	1.199072
0.330694	6.283186	1.382397
0.661388	0.000000	1.663458
0.661388	0.330694	1.429666
0.661388	0.661388	1.566584
0.661388	0.992082	1.116108
0.661388	1.322776	0.860372
0.661388	1.653470	0.472528
0.661388	1.984164	0.313513
0.661388	2.314858	-0.039497
0.661388	2.645552	-0.294333
0.661388	2.976246	-0.396056
0.661388	3.306940	-0.430647
0.661388	3.637634	-0.317701
0.661388	3.968328	-0.170953
0.661388	4.299022	0.127042
0.661388	4.629716	0.596748
0.661388	4.960410	0.677997
0.661388	5.291104	1.114741
0.661388	5.621798	1.374748
0.661388	5.952492	1.303256
0.661388	6.283186	1.514101
0.992082	0.000000	1.937328
0.992082	0.330694	1.621455
0.992082	0.661388	1.665717
0.992082	0.992082	1.340467
0.992082	1.322776	1.179750
0.992082	1.653470	0.857340
0.992082	1.984164	0.530880
0.992082	2.314858	0.121519
0.992082	2.645552	-0.004836
0.992082	2.976246	-0.097744
0.992082	3.306940	-0.169459
0.992082	3.637634	-0.027347
0.992082	3.968328	0.158988
0.992082	4.299022	0.586317
0.992082	4.629716	0.803267
0.992082	4.960410	1.032258
0.992082	5.291104	1.478286
0.992082	5.621798	1.278224
0.992082	5.952492	1.799653
0.992082	6.283186	1.658391
1.322776	0.000000	1.852792
1.322776	0.330694	2.030553
1.322776	0.661388	1.854777
1.322776	0.992082	1.471901
1.322776	1.322776	1.174038
1.322776	1.653470	1.021194
1.322776	1.984164	0.317668
1.322776	2.314858	0.441664
1.322776	2.645552	-0.130002
1.322776	2.976246	0.131424
1.322776	3.306940	0.057605
1.322776	3.637634	0.095428
1.322776	3.968328	0.343010
1.322776	4.299022	0.556626
1.322776	4.629716	0.850579
1.322776	4.960410	1.111107
1.322776	5.291104	1.530795
1.322776	5.621798	1.761704
1.322776	5.952492	1.894484
1.322776	6.283186	2.071433
1.653470	0.000000	1.922034
1.653470	0.330694	1.955560
1.653470	0.661388	1.671312
1.653470	0.992082	1.592897
1.653470	1.322776	1.175763
1.653470	1.653470	0.809879
1.653470	1.984164	0.480428
1.653470	2.314858	0.453861
1.653470	2.645552	0.130862
1.653470	2.976246	-0.140470
1.653470	3.306940	-0.090520
1.653470	3.637634	0.409659
1.653470	3.968328	0.310228
1.653470	4.299022	0.583582
1.653470	4.629716	1.083397
1.653470	4.960410	1.200620
1.653470	5.291104	1.627544
1.653470	5.621798	1.703798
1.653470	5.952492	1.860700
1.653470	6.283186	1.990747
1.984164	0.000000	1.857695
1.984164	0.330694	1.897393
1.984164	0.661388	1.806315
1.984164	0.992082	1.515666
1.984164	1.322776	1.230654
1.984164	1.653470	0.863156
1.984164	1.984164	0.690218
1.984164	2.314858	0.194951
1.984164	2.645552	-0.077825
1.984164	2.976246	-0.011473
1.984164	3.306940	-0.051208
1.984164	3.637634	0.127313
1.984164	3.968328	0.102691
1.984164	4.299022	0.713446
1.984164	4.629716	0.781461
1.984164	4.960410	1.117743
1.984164	5.291104	1.456354
1.984164	5.621798	1.696567
1.984164	5.952492	1.801031
1.984164	6.283186	1.964637
2.314858	0.000000	1.730859
2.314858	0.330694	1.786420
2.314858	0.661388	1.350581
2.314858	0.992082	1.414615
2.314858	1.322776	1.057492
2.314858	1.653470	0.752605
2.314858	1.984164	0.248999
2.314858	2.314858	0.065540
2.314858	2.645552	-0.027924
2.314858	2.976246	-0.072800
2.314858	3.306940	-0.239822
2.314858	3.637634	-0.159507
2.314858	3.968328	0.008793
2.314858	4.299022	0.521745
2.314858	4.629716	0.685901
2.314858	4.960410	0.968147
2.314858	5.291104	1.125465
2.314858	5.621798	1.498207
2.314858	5.952492	1.608765
2.314858	6.283186	1.761083
2.645552	0.000000	1.339107
2.645552	0.330694	1.320551
2.645552	0.661388	1.131712
2.645552	0.992082	1.001901
2.645552	1.322776	0.809288
2.645552	1.653470	0.390060
2.645552	1.984164	0.042159
2.645552	2.314858	-0.237347
2.645552	2.645552	-0.485803
2.645552	2.976246	-0.441318
2.645552	3.306940	-0.548999
2.645552	3.637634	-0.216093
2.645552	3.968328	-0.239019
2.645552	4.299022	0.096536
2.645552	4.629716	0.230893
2.645552	4.960410	0.563886
2.645552	5.291104	0.982065
2.645552	5.621798	1.245734
2.645552	5.952492	1.425678
2.645552	6.283186	1.511067
2.976246	0.000000	0.994537
2.976246	0.330694	1.101407
2.976246	0.661388	1.030632
2.976246	0.992082	0.678803
2.976246	1.322776	0.542573
2.976246	1.653470	-0.027042
2.976246	1.984164	-0.323967
2.976246	2.314858	-0.626389
2.976246	2.645552	-0.885535
2.976246	2.976246	-0.753553
2.976246	3.306940	-0.798015
2.976246	3.637634	-0.926849
2.976246	3.968328	-0.419013
2.976246	4.299022	-0.132475
2.976246	4.629716	-0.060962
2.976246	4.960410	0.461969
2.976246	5.291104	0.882611
2.976246	5.621798	0.988949
2.976246	5.952492	1.108781
2.976246	6.283186	1.051773
3.306940	0.000000	0.881795
3.306940	0.330694	0.793894
3.306940	0.661388	0.645792
3.306940	0.992082	0.348491
3.306940	1.322776	0.088222
3.306940	1.653470	-0.214541
3.306940	1.984164	-0.674783
3.306940	2.314858	-0.813791
3.306940	2.645552	-1.144798
3.306940	2.976246	-1.165092
3.306940	3.306940	-1.100587
3.306940	3.637634	-1.116634
3.306940	3.968328	-0.486389
3.306940	4.299022	-0.647919
3.306940	4.629716	-0.211237
3.306940	4.960410	-0.143574
3.306940	5.291104	0.447436
3.306940	5.621798	0.631586
3.306940	5.952492	0.679788
3.306940	6.283186	0.800539
3.637634	0.000000	0.541914
3.637634	0.330694	0.579018
3.637634	0.661388	0.263855
3.637634	0.992082	0.129466
3.637634	1.322776	-0.486607
3.637634	1.653470	-0.526727
3.637634	1.984164	-0.962155
3.637634	2.314858	-1.189208
3.637634	2.645552	-1.376252
3.637634	2.976246	-1.447117
3.637634	3.306940	-1.447016
3.637634	3.637634	-1.335327
3.637634	3.968328	-1.096419
3.637634	4.299022	-0.705964
3.637634	4.629716	-0.548449
3.637634	4.960410	-0.283863
3.637634	5.291104	0.111156
3.637634	5.621798	0.432367
3.637634	5.952492	0.636693
3.637634	6.283186	0.565833
3.968328	0.000000	0.134474
3.968328	0.330694	0.164815
3.968328	0.661388	-0.049194
3.968328	0.992082	-0.129925
3.968328	1.322776	-0.313264
3.968328	1.653470	-0.821335
3.968328	1.984164	-1.246455
3.968328	2.314858	-1.508924
3.968328	2.645552	-1.867644
3.968328	2.976246	-1.627497
3.968328	3.306940	-1.563726
3.968328	3.637634	-1.512850
3.968328	3.968328	-1.353074
3.968328	4.299022	-1.163297
3.968328	4.629716	-0.919499
3.968328	4.960410	-0.442191
3.968328	5.291104	-0.257845
3.968328	5.621798	0.066146
3.968328	5.952492	0.261565
3.968328	6.283186	0.382948
4.299022	0.000000	0.098115
4.299022	0.330694	0.014403
4.299022	0.661388	-0.097082
4.299022	0.992082	-0.279904
4.299022	1.322776	-0.586218
4.299022	1.653470	-1.110519
4.299022	1.984164	-1.276807
4.299022	2.314858	-1.567475
4.299022	2.645552	-1.827283
4.299022	2.976246	-2.016825
4.299022	3.306940	-1.993166
4.299022	3.637634	-1.845057
4.299022	3.968328	-1.580635
4.299022	4.299022	-1.342684
4.299022	4.629716	-0.899985
4.299022	4.960410	-0.763278
4.299022	5.291104	-0.410055
4.299022	5.621798	0.041099
4.299022	5.952492	0.145192
4.299022	6.283186	0.110229
4.629716	0.000000	-0.044570
4.629716	0.330694	-0.216402
4.629716	0.661388	-0.142040
4.629716	0.992082	-0.519206
4.629716	1.322776	-0.653887
4.629716	1.653470	-1.102046
4.629716	1.984164	-1.503366
4.629716	2.314858	-1.789859
4.629716	2.645552	-1.806475
4.629716	2.976246	-1.957542
4.629716	3.306940	-1.998212
4.629716	3.637634	-1.898804
4.629716	3.968328	-1.714976
4.629716	4.299022	-1.477989
4.629716	4.629716	-1.070594
4.629716	4.960410	-0.764288
4.629716	5.291104	-0.402295
4.629716	5.621798	-0.276340
4.629716	5.952492	0.169387
4.629716	6.283186	-0.055527
4.960410	0.000000	-0.046673
4.960410	0.330694	-0.123023
4.960410	0.661388	-0.147443
4.960410	0.992082	-0.483100
4.960410	1.322776	-0.918506
4.960410	1.653470	-1.114894
4.960410	1.984164	-1.247902
4.960410	2.314858	-1.670803
4.960410	2.645552	-1.948765
4.960410	2.976246	-2.047492
4.960410	3.306940	-2.005030
4.960410	3.637634	-1.800312
4.960410	3.968328	-1.633968
4.960410	4.299022	-1.456306
4.960410	4.629716	-0.896725
4.960410	4.960410	-0.619003
4.960410	5.291104	-0.286574
4.960410	5.621798	-0.235306
4.960410	5.952492	0.086527
4.960410	6.283186	-0.047457
5.291104	0.000000	0.250149
5.291104	0.330694	0.071248
5.291104	0.661388	-0.009150
5.291104	0.992082	-0.271748
5.291104	1.322776	-0.631514
5.291104	1.653470	-0.962312
5.291104	1.984164	-1.147039
5.291104	2.314858	-1.566607
5.291104	2.645552	-1.593873
5.291104	2.976246	-1.807859
5.291104	3.306940	-1.785815
5.291104	3.637634	-1.804294
5.291104	3.968328	-1.433246
5.291104	4.299022	-1.349775
5.291104	4.629716	-1.003081
5.291104	4.960410	-0.513284
5.291104	5.291104	-0.348347
5.291104	5.621798	0.034900
5.291104	5.952492	0.103609
5.291104	6.283186	0.077692
5.621798	0.000000	0.190951
5.621798	0.330694	0.353885
5.621798	0.661388	0.335084
5.621798	0.992082	-0.137977
5.621798	1.322776	-0.417192
5.621798	1.653470	-0.740075
5.621798	1.984164	-0.846483
5.621798	2.314858	-1.080200
5.621798	2.645552	-1.335051
5.621798	2.976246	-1.604656
5.621798	3.306940	-1.653205
5.621798	3.637634	-1.456752
5.621798	3.968328	-1.355222
5.621798	4.299022	-0.963640
5.621798	4.629716	-0.681914
5.621798	4.960410	-0.467266
5.621798	5.291104	-0.156725
5.621798	5.621798	0.276097
5.621798	5.952492	0.292905
5.621798	6.283186	0.310734
5.952492	0.000000	0.661269
5.952492	0.330694	0.725714
5.952492	0.661388	0.664428
5.952492	0.992082	0.131584
5.952492	1.322776	-0.074010
5.952492	1.653470	-0.269005
5.952492	1.984164	-0.759850
5.952492	2.314858	-0.979178
5.952492	2.645552	-1.324098
5.952492	2.976246	-1.340497
5.952492	3.306940	-1.197916
5.952492	3.637634	-1.267640
5.952492	3.968328	-0.874451
5.952492	4.299022	-0.719011
5.952492	4.629716	-0.361266
5.952492	4.960410	-0.223604
5.952492	5.291104	0.237273
5.952492	5.621798	0.601831
5.952492	5.952492	0.674515
5.952492	6.283186	0.749121
6.283186	0.000000	0.967402
6.283186	0.330694	0.894327
6.283186	0.661388	0.757111
6.283186	0.992082	0.562123
6.283186	1.322776	0.254504
6.283186	1.653470	-0.104324
6.283186	1.984164	-0.473246
6.283186	2.314858	-0.643777
6.283186	2.645552	-1.073469
6.283186	2.976246	-0.958103
6.283186	3.306940	-0.852090
6.283186	3.637634	-0.844809
6.283186	3.968328	-0.683000
6.283186	4.299022	-0.410838
6.283186	4.629716	-0.114705
6.283186	4.960410	0.113088
6.283186	5.291104	0.510786
6.283186	5.621798	0.740232
6.283186	5.952492	1.082877
6.283186	6.283186	1.002887
